SHETRAN_for_Linux/Examples/Aire_at_Kildwick_Bridge-AllOptions-withDates/Map_MinDem_Aire_at_Kildwick_Bridge.asc
ncols	18
nrows	27
xllcorner	385000.0
yllcorner	442000.0
cellsize	1000
NODATA_value	-9999
368 504 410 370 396 452 459 403 396 379 341 209 182 187 278 365 370 411
361 410 380 375 375 394 404 403 404 379 288 219 179 179 280 305 337 354
338 400 380 375 375 368 368 383 381 379 288 256 175 174 246 285 327 290
387 399 385 373 360 366 342 370 357 333 357 314 174 172 197 228 318 258
414 473 438 366 224 318 245 336 277 261 328 265 203 170 165 194 255 215
344 407 413 262 198 196 215 314 277 236 298 271 196 177 158 153 170 176
377 381 336 228 188 184 206 330 280 216 260 265 207 188 178 151 146 144
330 323 289 211 172 174 267 281 237 198 240 247 202 186 184 217 184 143
287 247 234 196 164 163 233 230 207 174 209 182 187 190 229 296 238 172
225 214 181 177 165 155 180 198 154 166 183 170 191 222 291 441 386 318
175 198 168 152 157 145 147 138 142 169 157 153 198 245 392 356 356 287
146 166 152 147 137 134 142 132 128 138 133 158 197 286 359 356 299 228
136 154 154 147 137 131 158 137 117 115 136 180 180 237 359 378 323 233
112 136 151 160 141 125 128 127 115 107 149 209 168 184 240 256 275 268
108 118 149 170 156 122 116 108 103 102 116 171 158 150 179 169 168 166
106 130 159 156 135 125 115 111 103 99 98 108 137 139 129 134 142 147
110 159 173 157 138 126 126 127 129 99 97 99 115 106 111 127 148 154
145 148 165 164 139 129 121 125 106 98 97 96 96 97 105 129 169 190
125 135 141 136 139 124 115 111 105 103 99 96 94 94 98 187 298 273
115 117 128 131 132 122 115 112 120 138 132 118 96 93 93 145 183 248
128 120 126 126 132 125 117 119 157 211 201 188 137 92 92 104 180 253
145 136 135 136 147 129 125 174 240 268 283 268 188 95 90 92 203 189
171 161 150 146 146 130 139 189 272 211 191 193 169 107 88 89 111 132
232 208 190 145 136 133 151 276 246 208 187 155 144 156 88 88 87 87
299 320 234 140 137 145 175 229 263 259 249 201 135 120 107 97 92 89
228 255 210 141 141 170 263 247 290 245 216 177 147 166 131 114 154 170
198 210 157 147 147 213 219 230 276 265 230 194 208 269 287 180 241 252
