Shetran_for_Windows/Examples/Aire_at_Kildwick_Bridge-simple/Map_Dem_Aire_at_Kildwick_Bridge.asc
ncols	18
nrows	27
xllcorner	385000.0
yllcorner	442000.0
cellsize	1000
NODATA_value	-9999
439 573.75 465.25 403.75 449.75 468.25 499.5 477 490.5 461.75 380.5 336 189.25 254.75 344.5 425.5 443.5 474
404.25 493.75 453 402.25 469.25 409.75 477.5 463.5 502 476.25 347.75 301 188 266.5 305.75 388.5 363 406.75
362.25 431.75 401 379.25 375 382.75 405.75 423.5 423 392.75 346.75 317.75 238.25 220.75 273 362 388.5 346.5
415.75 443 446 402 373.75 386.5 382.75 391.75 383 373 410.75 373.5 263.75 268.5 274 297 333 296.75
515.25 496.5 505.25 429.25 331 388.25 368.75 363 347.5 307.75 369.25 353.25 250.25 189.75 180.5 244.25 312.25 278.5
369.5 516 536 374 264 279.25 240 380.75 348.5 264 358.5 340 245.75 185.25 188.75 188.75 232 191.75
456.75 453.5 393.75 313.25 214.75 198.25 271.75 357.5 330.25 256.75 320.5 295.25 284.5 210.5 185 205.5 176.25 164.25
365 361 332.5 301.75 217 260.75 306.25 310.75 290.5 233 290.75 276 233.75 189.25 199.75 300.5 262.25 208
332.25 312.25 278.75 282.5 206.25 228.75 269 259.75 239.5 200 249.75 217.25 202.75 209 300.25 428.25 352.5 280
269.75 242.5 221.75 214 193.5 182 249 235.25 199.5 218.5 202.25 185.5 220 277.25 435.25 493.25 440.75 372.75
236.5 248 211 169.5 188.5 159.25 169.25 180.25 149 210 180.5 173.5 225 327.75 471.75 396.5 414 355.25
174.25 180.5 167 153 145.75 147.25 145.75 150.75 184.5 155.75 152.75 168.75 238 409.25 394 420.75 355.75 286.25
141.25 169.75 154.5 164.5 166 133.5 195.5 145.75 128.25 151.75 175.75 223.25 213.75 371.25 405 422 403.75 293
140 163.5 170.5 171.5 147 148.25 172.5 158 140 134 274.25 284.5 181.5 255.25 371.75 349.25 338.5 323.5
118.75 162.75 182.5 199.25 172.5 147.5 138.75 116 110 110.75 164.25 270 191.5 191.5 229.5 222.25 206.75 221.25
113.25 170.25 199 192.5 147.75 142.25 124.5 134 110 100.75 113 161 192 175.75 166.25 154 155.25 155.5
156.25 185.5 190.5 194.25 162.75 155.5 138 148 147 142 98 133.25 160.75 150.25 159 175.75 172.25 173.75
163.5 168.25 181.25 191.75 167.75 143.5 123.5 152.25 160.5 111.5 103 99.25 106.75 101.75 114.75 172 234.75 250.25
137 163.5 181 150.25 170.5 134.5 125.25 139.75 119.25 118.25 109 109.25 95 96.75 144.75 269.5 349.25 331.75
124.75 141 135.5 135 136.75 136.5 162.25 119.5 149 173.5 191.5 149.75 125.75 93.5 113 225.75 252.5 274.5
148 133.75 129.25 137 139.5 164 122.75 163.75 196.5 274.75 275.75 246.5 221.5 104.5 99.75 130.25 220.25 284
155.5 151 142 153.25 157.5 139.25 150.5 233.5 298.5 353 347.75 317.75 256.75 194.5 91 201.5 252.25 243
207.5 207.5 165 149.75 174.75 136.25 167.5 243 348 284.25 268.5 298 226.5 186.25 91.75 118.75 201.5 211.5
294 284.25 225.5 162.5 151.5 136.5 248.25 355.5 274 227 268.75 172.75 228.25 234.75 186.75 89.5 88.5 88
347.25 370.75 306.25 182 138 160 202.75 271 304.5 355.75 343 274 180.5 142 120 104.5 98 103
290.5 335.75 271 187.75 155 239 340.75 304.75 317.5 273.75 238.75 213.75 173.5 208 210.5 141.25 281 240.5
217.25 277.75 218 172.5 215.75 259 306.5 279.75 308.25 292 252 267 274.75 339 308.75 274.75 316 296
